719
6 0 17 0
18 0 29 0
30 0 41 0
42 0 53 0
60 0 71 0
72 0 83 0
108 0 119 0
120 0 131 0
133 0 144 0
54 0 59 1
85 0 90 1
91 0 96 1
97 0 102 1
145 0 150 1
152 0 157 1
161 0 166 1
169 0 174 1
104 0 106 3
4 0 5 5
167 0 168 5
0 0 0 11
1 0 1 11
2 0 2 11
3 0 3 11
103 0 103 11
107 0 107 11
159 0 159 11
160 0 160 11
176 0 176 11
178 0 178 11
7 1 18 1
19 1 30 1
33 1 44 1
60 1 71 1
108 1 119 1
124 1 135 1
45 1 50 2
72 1 77 2
78 1 83 2
139 1 144 2
51 1 53 4
31 1 32 6
121 1 122 6
137 1 137 12
138 1 138 12
14 2 25 2
33 2 44 2
54 2 65 2
84 2 95 2
123 2 134 2
145 2 156 2
6 2 11 3
66 2 71 3
96 2 101 3
108 2 113 3
161 2 166 3
170 2 173 4
26 2 28 5
114 2 116 5
29 2 30 7
174 2 175 7
102 2 102 13
117 2 117 13
119 2 119 13
135 2 135 13
169 2 169 13
33 3 44 3
80 3 91 3
139 3 150 3
45 3 50 4
54 3 59 4
72 3 77 4
126 3 131 4
14 3 17 5
22 3 25 5
62 3 65 5
132 3 134 6
20 3 21 8
123 3 124 8
18 3 18 14
19 3 19 14
61 3 61 14
78 3 78 14
79 3 79 14
92 3 92 14
94 3 94 14
125 3 125 14
154 3 154 14
33 4 44 4
139 4 150 4
161 4 166 5
83 4 86 6
108 4 111 6
69 4 71 7
99 4 101 7
104 4 106 7
6 4 7 9
9 4 10 9
87 4 88 9
96 4 97 9
156 4 157 9
8 4 8 15
66 4 66 15
67 4 67 15
82 4 82 15
89 4 89 15
91 4 91 15
93 4 93 15
95 4 95 15
112 4 112 15
120 4 120 15
158 4 158 15
177 4 177 15
33 5 44 5
45 5 56 5
145 5 150 6
11 5 13 8
57 5 59 8
126 5 128 8
73 5 74 10
142 5 143 10
170 5 171 10
76 5 76 16
118 5 118 16
129 5 129 16
131 5 131 16
141 5 141 16
172 5 172 16
173 5 173 16
33 6 44 6
22 6 27 7
161 6 166 7
14 6 17 8
45 6 48 8
62 6 65 8
113 6 116 8
49 6 50 11
52 6 53 11
139 6 140 11
167 6 168 11
4 6 4 17
5 6 5 17
28 6 28 17
55 6 55 17
68 6 68 17
155 6 155 17
31 7 42 7
144 7 149 8
43 7 44 12
121 7 122 12
132 7 133 12
108 7 108 18
29 8 40 8
22 8 27 9
69 8 72 10
98 8 101 10
163 8 165 11
174 8 175 13
41 8 41 19
56 8 56 19
75 8 75 19
77 8 77 19
153 8 153 19
29 9 34 10
13 9 16 11
57 9 60 11
62 9 65 11
145 9 148 11
35 9 37 12
113 9 115 12
126 9 128 12
39 9 40 14
45 9 46 14
123 9 124 14
17 9 17 20
20 9 20 20
42 9 42 20
47 9 47 20
48 9 48 20
90 9 90 20
116 9 116 20
151 9 151 20
152 9 152 20
21 10 26 11
6 10 7 15
87 10 88 15
96 10 97 15
11 10 11 21
54 10 54 21
85 10 85 21
144 10 144 21
149 10 149 21
157 10 157 21
166 10 166 21
69 11 74 12
29 11 31 14
32 11 34 14
27 11 27 22
80 11 80 22
99 11 99 22
101 11 101 22
134 11 134 22
143 11 143 22
162 11 162 22
21 12 26 13
0 12 3 14
57 12 60 14
145 12 148 14
159 12 161 15
163 12 165 15
49 12 50 17
52 12 53 17
106 12 107 17
167 12 168 17
10 12 10 23
16 12 16 23
62 12 62 23
86 12 86 23
98 12 98 23
139 12 139 23
176 12 176 23
69 13 72 15
113 13 115 16
43 13 44 18
73 13 74 18
121 13 122 18
126 13 127 18
132 13 133 18
137 13 138 18
36 13 36 24
81 13 81 24
102 14 103 19
23 14 23 25
26 14 26 25
37 14 37 25
64 14 64 25
109 14 109 25
117 14 117 25
119 14 119 25
128 14 128 25
130 14 130 25
136 14 136 25
175 14 175 25
178 14 178 25
0 15 3 17
31 15 34 17
145 15 148 17
57 15 59 18
78 15 79 20
123 15 124 20
29 15 29 26
35 15 35 26
39 15 39 26
40 15 40 26
46 15 46 26
61 15 61 26
92 15 92 26
94 15 94 26
142 15 142 26
154 15 154 26
6 16 9 18
69 16 72 18
158 16 161 18
87 16 89 19
95 16 97 19
110 16 112 19
24 16 25 21
82 16 83 21
30 16 30 27
60 16 60 27
91 16 91 27
93 16 93 27
100 16 100 27
163 16 163 27
174 16 174 27
177 16 177 27
170 17 173 19
113 17 115 20
14 17 14 28
19 17 19 28
66 17 66 28
105 17 105 28
118 17 118 28
129 17 129 28
141 17 141 28
0 18 5 19
31 18 34 20
49 18 52 20
145 18 148 20
67 18 68 23
167 18 168 23
45 18 45 29
55 18 55 29
106 18 106 29
140 18 140 29
155 18 155 29
69 19 74 20
57 19 59 22
125 19 127 22
7 19 8 24
137 19 138 24
159 19 160 24
21 19 21 30
44 19 44 30
108 19 108 30
122 19 122 30
135 19 135 30
150 19 150 30
165 19 165 30
75 20 77 23
95 20 97 23
2 20 3 25
87 20 88 25
102 20 103 25
110 20 111 25
0 20 0 31
1 20 1 31
53 20 53 31
56 20 56 31
89 20 89 31
131 20 131 31
170 20 170 31
49 21 52 23
42 21 43 26
47 21 48 26
70 21 71 26
151 21 152 26
31 21 31 32
69 21 69 32
74 21 74 32
78 21 78 32
90 21 90 32
113 21 113 32
124 21 124 32
146 21 146 32
148 21 148 32
156 21 156 32
171 21 171 32
11 22 13 25
82 22 84 25
15 22 15 33
54 22 54 33
79 22 79 33
85 22 85 33
112 22 112 33
147 22 147 33
149 22 149 33
166 22 166 33
4 23 6 26
125 23 127 26
27 23 28 28
120 23 121 28
143 23 144 28
18 23 18 34
57 23 57 34
58 23 58 34
101 23 101 34
114 23 114 34
157 23 157 34
49 24 52 26
95 24 98 26
167 24 169 27
9 24 10 29
16 24 17 29
76 24 77 29
59 24 59 35
63 24 63 35
73 24 73 35
133 24 133 35
139 24 139 35
158 24 158 35
176 24 176 35
159 25 162 27
7 25 8 30
172 25 173 30
62 25 62 36
80 25 80 36
81 25 81 36
109 26 111 29
22 26 23 31
64 26 65 31
82 26 83 31
102 26 103 31
2 26 2 37
13 26 13 37
34 26 34 37
37 26 37 37
41 26 41 37
75 26 75 37
84 26 84 37
88 26 88 37
99 26 99 37
117 26 117 37
123 26 123 37
130 26 130 37
175 26 175 37
47 27 52 28
95 27 98 29
38 27 40 30
70 27 72 30
35 27 36 32
125 27 126 32
153 27 154 32
4 27 4 38
42 27 42 38
46 27 46 38
61 27 61 38
87 27 87 38
92 27 92 38
94 27 94 38
107 27 107 38
127 27 127 38
128 27 128 38
159 28 164 29
167 28 168 33
60 28 60 39
68 28 68 39
93 28 93 39
100 28 100 39
134 28 134 39
145 28 145 39
152 28 152 39
169 28 169 39
174 28 174 39
47 29 52 30
142 29 144 32
19 29 20 34
66 29 67 34
14 29 14 40
105 29 105 40
129 29 129 40
137 29 137 40
141 29 141 40
95 30 98 32
160 30 163 32
9 30 10 35
16 30 17 35
118 30 119 35
5 30 5 41
26 30 26 41
32 30 32 41
55 30 55 41
77 30 77 41
111 30 111 41
155 30 155 41
47 31 52 32
39 31 40 36
44 31 45 36
70 31 71 36
72 31 72 42
120 31 120 42
135 31 135 42
150 31 150 42
178 31 178 42
22 32 23 37
102 32 103 37
25 32 25 43
27 32 27 43
56 32 56 43
65 32 65 43
82 32 82 43
83 32 83 43
89 32 89 43
121 32 121 43
165 32 165 43
47 33 52 34
159 33 164 34
95 33 98 35
124 33 126 36
7 33 8 38
29 33 30 38
35 33 36 38
143 33 144 38
0 33 0 44
31 33 31 44
69 33 69 44
74 33 74 44
78 33 78 44
104 33 104 44
110 33 110 44
138 33 138 44
142 33 142 44
146 33 146 44
151 33 151 44
172 33 172 44
147 34 149 37
166 34 168 37
112 34 113 39
6 34 6 45
79 34 79 45
85 34 85 45
131 34 131 45
153 34 153 45
156 34 156 45
170 34 170 45
47 35 52 36
18 35 21 37
160 35 163 37
57 35 58 40
114 35 115 40
66 35 66 46
101 35 101 46
122 35 122 46
159 35 159 46
171 35 171 46
9 36 12 38
90 36 91 41
96 36 97 41
132 36 133 41
176 36 177 41
16 36 16 47
17 36 17 47
63 36 63 47
73 36 73 47
109 36 109 47
116 36 116 47
118 36 118 47
154 36 154 47
158 36 158 47
47 37 52 38
38 37 40 40
43 37 44 42
70 37 71 42
124 37 125 42
3 37 3 48
45 37 45 48
62 37 62 48
76 37 76 48
81 37 81 48
20 38 23 40
166 38 168 41
1 38 2 43
98 38 99 43
19 38 19 49
67 38 67 49
75 38 75 49
84 38 84 49
123 38 123 49
149 38 149 49
161 38 161 49
175 38 175 49
46 39 51 40
126 39 128 42
10 39 11 44
94 39 95 44
106 39 107 44
4 39 4 50
7 39 7 50
8 39 8 50
9 39 9 50
30 39 30 50
42 39 42 50
52 39 52 50
61 39 61 50
92 39 92 50
108 39 108 50
130 39 130 50
143 39 143 50
144 39 144 50
148 39 148 50
162 39 162 50
34 40 36 43
12 40 12 51
33 40 33 51
93 40 93 51
112 40 112 51
136 40 136 51
145 40 145 51
152 40 152 51
169 40 169 51
46 41 51 42
37 41 40 43
139 41 141 44
13 41 14 46
57 41 58 46
105 41 105 52
114 41 114 52
129 41 129 52
134 41 134 52
137 41 137 52
157 41 157 52
173 41 173 52
166 42 168 45
86 42 87 47
96 42 97 47
5 42 5 53
18 42 18 53
22 42 22 53
32 42 32 53
77 42 77 53
80 42 80 53
111 42 111 53
155 42 155 53
176 42 176 53
46 43 51 44
124 43 127 45
70 43 72 46
21 43 21 54
44 43 44 54
53 43 53 54
115 43 115 54
120 43 120 54
128 43 128 54
150 43 150 54
177 43 177 54
178 43 178 54
37 44 39 47
1 44 2 49
40 44 41 49
25 44 25 55
28 44 28 55
35 44 35 55
36 44 36 55
56 44 56 55
65 44 65 55
82 44 82 55
83 44 83 55
89 44 89 55
99 44 99 55
103 44 103 55
113 44 113 55
119 44 119 55
121 44 121 55
160 44 160 55
46 45 51 46
138 45 141 47
94 45 95 50
0 45 0 56
10 45 10 56
11 45 11 56
15 45 15 56
31 45 31 56
74 45 74 56
78 45 78 56
100 45 100 56
104 45 104 56
110 45 110 56
142 45 142 56
146 45 146 56
164 45 164 56
131 46 133 49
124 46 125 51
6 46 6 57
79 46 79 57
102 46 102 57
126 46 126 57
153 46 153 57
166 46 166 57
170 46 170 57
46 47 51 48
57 47 60 49
69 47 71 50
171 47 172 52
29 47 29 58
43 47 43 58
91 47 91 58
101 47 101 58
122 47 122 58
159 47 159 58
96 48 98 51
37 48 38 53
63 48 64 53
117 48 118 53
140 48 141 53
45 49 50 50
86 49 87 54
138 49 139 54
1 50 3 53
66 50 68 53
16 50 17 55
75 50 76 55
167 50 168 55
174 50 175 55
45 51 50 52
7 51 9 54
40 51 42 54
51 51 52 56
61 51 62 56
71 51 72 56
143 51 144 56
92 52 97 53
12 52 14 55
123 52 125 55
33 52 34 57
54 52 55 57
84 52 85 57
135 52 136 57
148 52 149 57
151 52 152 57
131 53 134 55
156 53 158 56
105 53 106 58
1 54 4 56
66 54 69 56
22 54 24 57
58 54 60 57
92 55 97 56
18 55 21 57
39 55 42 57
127 55 130 57
137 55 140 57
86 55 88 58
107 55 109 58
176 55 178 58
25 56 28 58
111 56 114 58
117 56 120 58
64 57 75 57
0 57 5 58
8 57 13 58
95 57 100 58
141 57 146 58
160 57 165 58
154 48 154 58
169 52 169 58
76 56 77 58
30 57 32 58
145 52 145 56
102 58 104 58
